0.015 0.628 20.480 0.147 0.014 0.449 16.109 0.147
-0.042 0.720 16.116 0.178 -0.024 0.568 14.138 0.178
-0.097 1.300 9.530 0.342 -0.043 1.059 10.377 0.342
0.129 2.331 4.804 0.639 0.185 1.886 6.862 0.639
-0.528 3.830 1.090 1.042 -0.158 2.971 5.022 1.042
0.014 5.580 -3.057 1.471 0.347 4.206 0.958 1.471
-2.217 7.459 -8.412 1.904 -1.032 5.550 -1.416 1.904
-4.801 10.104 -8.270 2.473 -2.461 7.471 -3.137 2.473
-7.908 13.040 -17.141 3.162 -4.118 9.483 -2.104 3.162
-47.647 50.911 6.341 14.087 8.904 40.476 -25.603 14.109
