 -256.14      -521.08       496.03
 -132.80      -501.45       500.07
   -9.13      -481.74       499.23
  114.39      -461.99       498.66
  237.78      -442.42       501.46
  361.00      -422.83       499.51
 -334.80      -424.50       500.59
  405.83      -306.38       495.13
 -413.46      -327.27       499.59
  443.60      -194.16       516.67
 -492.43      -230.16       497.60
  500.43       -58.45       501.85
 -570.90      -125.14       499.60
  544.07        55.89       502.79
 -526.63       -15.60       502.67
  576.37       170.92       494.04
 -481.60       101.39       502.05
  505.27       257.88       506.23
 -437.04       217.80       501.47
  429.76       351.02       506.14
 -392.38       334.24       502.79
  101.04       412.79       504.42
  224.58       432.35       497.06
  338.44       463.72       505.72
 -347.88       451.52       502.01
 -224.09       470.86       502.42
 -101.06       490.22       501.49
   22.11       509.50       504.66
