 -256.14      -521.08       496.03
 -132.80      -501.45       500.07
   -9.13      -481.74       499.23
  114.39      -461.99       498.66
  237.78      -442.42       501.46
  361.00      -422.83       499.51
 -334.80      -424.50       500.59
 -211.35      -404.48       498.63
  -88.05      -384.30       500.02
   35.54      -364.83       497.71
  158.94      -345.23       499.83
  282.18      -325.74       498.44
  405.83      -306.38       495.13
 -413.46      -327.27       499.59
 -290.66      -307.38       504.02
 -166.40      -287.79       497.78
  -43.27      -267.52       500.43
   79.41      -248.24       498.90
  210.47      -209.77       496.94
  326.85      -209.07       498.42
  443.60      -194.16       516.67
 -492.43      -230.16       497.60
 -368.93      -210.23       500.53
 -245.65      -190.49       501.48
 -121.77      -171.03       502.27
    1.71      -150.63       497.25
  124.97      -131.25       493.65
  248.15      -111.87       498.34
  371.56       -92.18       501.58
  500.43       -58.45       501.85
 -570.90      -125.14       499.60
 -447.74      -113.13       500.67
 -324.39       -93.43       500.13
 -200.55       -74.03       523.42
  -77.80       -54.33       502.70
   46.29       -34.88       500.97
  194.34       -30.92       504.09
  292.90         5.20       491.40
  411.81        13.00       501.73
  544.07        55.89       502.79
 -526.63       -15.60       502.67
 -403.14         3.49       501.80
 -279.53        23.17       502.61
 -156.23        43.37       500.84
  -32.96        62.44       495.81
   90.49        82.35       501.66
  195.03       125.59       501.83
  330.03       127.20       500.87
  472.05       127.90       504.27
  576.37       170.92       494.04
 -481.60       101.39       502.05
 -358.44       120.56       498.06
 -234.95       140.44       500.06
 -111.51       159.98       500.53
   11.87       179.19       502.34
  132.03       202.98       502.74
  257.31       211.66       504.43
  382.35       238.90       498.54
  505.27       257.88       506.23
 -437.04       217.80       501.47
 -313.60       237.44       501.19
 -189.98       257.42       501.35
  -66.70       276.92       497.82
   54.26       292.97       524.56
  174.47       315.54       512.74
  303.41       335.64       512.95
  429.76       351.02       506.14
 -392.38       334.24       502.79
 -268.90       354.24       501.54
 -145.45       374.24       502.09
  -21.97       393.24       499.81
  101.04       412.79       504.42
  224.58       432.35       497.06
  338.44       463.72       505.72
 -347.88       451.52       502.01
 -224.09       470.86       502.42
 -101.06       490.22       501.49
   22.11       509.50       504.66
   31.25       -72.93       188.29
   72.37       -66.60       187.59
   41.60        35.49       189.52
  106.94        27.09       186.66
  113.19       -60.47       186.32
   57.20      -105.52       186.02
   -9.68       -79.50       191.01
  -10.97         6.72       190.42
