6.2 6.3 3965810 9.137 0.005 0.771 0.515 7
6.3 6.4 2780870 6.433 0.004 0.632 0.382 7
6.4 6.5 1912840 4.458 0.003 0.411 0.271 7
6.5 6.55 708089 3.353 0.004 0.319 0.234 7
6.55 6.6 579534 2.732 0.004 0.248 0.190 7
6.6 6.65 469844 2.207 0.003 0.210 0.141 7
6.65 6.7 379797 1.785 0.003 0.173 0.120 7
6.7 6.75 302695 1.423 0.003 0.139 0.089 7
6.75 6.8 242627 1.141 0.002 0.106 0.074 7
6.8 6.85 192910 9.082 0.021 0.866 0.606 8
6.85 6.9 152793 7.201 0.018 0.678 0.452 8
6.9 6.95 119945 5.658 0.016 0.563 0.393 8
6.95 7 93839 4.425 0.014 0.434 0.271 8
7 7.05 73785 3.477 0.012 0.336 0.249 8
7.05 7.1 57413 2.705 0.012 0.261 0.168 8
7.1 7.15 45112 2.126 0.010 0.181 0.137 8
7.15 7.2 35386 1.668 0.009 0.156 0.994 8
7.2 7.25 27813 1.311 0.008 0.107 0.074 8
7.25 7.3 22515 1.061 0.007 0.081 0.064 8
7.3 7.35 17722 8.351 0.063 0.738 0.468 9
7.35 7.4 14175 6.679 0.056 0.500 0.350 9
7.4 7.45 11416 5.379 0.050 0.489 0.295 9
7.45 7.5 9198 4.334 0.045 0.345 0.230 9
7.5 7.55 7351 3.464 0.040 0.244 0.199 9
7.55 7.6 5925 2.792 0.036 0.161 0.116 9
7.6 7.65 4844 2.283 0.033 0.184 0.083 9
7.65 7.7 3994 1.882 0.030 0.122 0.210 9
7.7 7.75 2965 1.397 0.026 0.139 0.106 9
7.75 7.8 2377 1.120 0.023 0.061 0.042 9
7.8 7.85 2041 9.618 0.213 0.475 0.490 10
7.85 7.9 1586 7.474 0.188 0.958 0.645 10
7.9 7.95 1288 6.070 0.169 0.220 0.442 10
7.95 8 997 4.698 0.149 0.641 0.349 10
8 8.1 1469 3.461 0.090 0.251 0.140 10
8.1 8.2 956 2.253 0.073 0.286 0.196 10
8.2 8.3 501 1.180 0.053 0.232 0.153 10
8.3 8.4 307 7.233 0.413 1.091 0.780 11
8.4 8.5 201 4.736 0.334 0.437 0.213 11
8.5 8.6 93 2.191 0.227 0.363 0.371 11
8.6 8.7 61 1.437 0.184 0.091 0.158 11
8.7 8.8 39 9.189 1.471 1.269 1.58 12
8.8 8.9 22 5.184 1.105 0.942 0 12
8.9 9 19 4.477 1.027 0.236 0.471 12
9 9.1 5 1.178 0.527 0.707 0.236 12
